Grid 01
003020600
900305001
001806400
008102900
700000008
006708200
002609500
800203009
005010300
Grid 02
200080300
060070084
030500209
000105408
000000000
402706000
301007040
720040060
004010003
Grid 03
000000907
000420180
000705026
100904000
050000040
000507009
920108000
034059000
507000000
Grid 07
043080250
600000000
000001094
900004070
000608000
010200003
820500000
000000005
034090710
Grid 08
480006902
002008001
900370060
840010200
003704100
001060049
020085007
700900600
609200018
Grid 14
630000000
000500008
005674000
000020000
003401020
000000345
000007004
080300902
947100080
Grid 16
361025900
080960010
400000057
008000471
000603000
259000800
740000005
020018060
005470329
Grid 17
050807020
600010090
702540006
070020301
504000908
103080070
900076205
060090003
080103040
Grid 20
000000000
009805100
051907420
290401065
000000000
140508093
026709580
005103600
000000000
Grid 21
020030090
000907000
900208005
004806500
607000208
003102900
800605007
000309000
030020050